lfw 0.990 80.0 52.5 113.1 84.4
lfw 0.973 80.3 53.4 113.4 85.6
lfw 0.943 80.4 51.6 112.8 83.3
lfw 0.937 80.5 53.1 113.8 85.0
lfw 0.870 80.8 53.9 114.4 86.4
lfw 0.863 80.6 52.6 113.2 84.8
lfw 0.750 81.3 50.9 113.7 82.5
lfw 0.735 79.7 53.8 112.7 86.2
lfw 0.600 80.4 51.2 112.1 83.0
lfw 0.585 79.9 55.5 113.9 87.9
lfw 0.499 78.0 50.8 115.5 87.8
lfw 0.443 80.4 48.9 112.9 80.9
lfw 0.312 82.1 56.7 115.8 89.4
lfw 0.275 78.4 51.4 116.0 88.9
lfw 0.256 77.3 51.0 113.7 88.7
lfw 0.221 83.1 47.5 114.5 78.9
lfw 0.176 78.3 58.0 111.2 89.5
lfw 0.151 78.0 53.5 116.8 90.9
lfw 0.139 83.9 53.5 116.5 84.3
lfw 0.134 76.1 46.6 116.0 84.3
lfw 0.112 79.5 47.8 109.9 79.4
lfw 0.108 84.5 56.1 117.2 87.7
lfw 0.070 77.5 53.1 108.5 83.9
lfw 0.067 85.7 49.3 116.8 80.2
lfw 0.990 80.0 52.5 113.1 84.4
lfw 0.973 80.3 53.4 113.4 85.6
lfw 0.943 80.4 51.6 112.8 83.3
lfw 0.937 80.5 53.1 113.8 85.0
lfw 0.870 80.8 53.9 114.4 86.4
lfw 0.863 80.6 52.6 113.2 84.8
lfw 0.750 81.3 50.9 113.7 82.5
lfw 0.735 79.7 53.8 112.7 86.2
lfw 0.600 80.4 51.2 112.1 83.0
lfw 0.585 79.9 55.5 113.9 87.9
lfw 0.499 78.0 50.8 115.5 87.8
lfw 0.443 80.4 48.9 112.9 80.9
lfw 0.312 82.1 56.7 115.8 89.4
lfw 0.275 78.4 51.4 116.0 88.9
lfw 0.256 77.3 51.0 113.7 88.7
lfw 0.221 83.1 47.5 114.5 78.9
lfw 0.176 78.3 58.0 111.2 89.5
lfw 0.151 78.0 53.5 116.8 90.9
lfw 0.139 83.9 53.5 116.5 84.3
lfw 0.134 76.1 46.6 116.0 84.3
lfw 0.112 79.5 47.8 109.9 79.4
lfw 0.108 84.5 56.1 117.2 87.7
lfw 0.070 77.5 53.1 108.5 83.9
lfw 0.067 85.7 49.3 116.8 80.2
lfw 0.990 80.0 52.5 113.1 84.4
lfw 0.973 80.3 53.4 113.4 85.6
lfw 0.943 80.4 51.6 112.8 83.3
lfw 0.937 80.5 53.1 113.8 85.0
lfw 0.870 80.8 53.9 114.4 86.4
lfw 0.863 80.6 52.6 113.2 84.8
lfw 0.750 81.3 50.9 113.7 82.5
lfw 0.735 79.7 53.8 112.7 86.2
lfw 0.600 80.4 51.2 112.1 83.0
lfw 0.585 79.9 55.5 113.9 87.9
lfw 0.499 78.0 50.8 115.5 87.8
lfw 0.443 80.4 48.9 112.9 80.9
lfw 0.312 82.1 56.7 115.8 89.4
lfw 0.275 78.4 51.4 116.0 88.9
lfw 0.256 77.3 51.0 113.7 88.7
lfw 0.221 83.1 47.5 114.5 78.9
lfw 0.176 78.3 58.0 111.2 89.5
lfw 0.151 78.0 53.5 116.8 90.9
lfw 0.139 83.9 53.5 116.5 84.3
lfw 0.134 76.1 46.6 116.0 84.3
lfw 0.112 79.5 47.8 109.9 79.4
lfw 0.108 84.5 56.1 117.2 87.7
lfw 0.070 77.5 53.1 108.5 83.9
lfw 0.067 85.7 49.3 116.8 80.2
lfw 0.990 80.0 52.5 113.1 84.4
lfw 0.973 80.3 53.4 113.4 85.6
lfw 0.943 80.4 51.6 112.8 83.3
lfw 0.937 80.5 53.1 113.8 85.0
lfw 0.870 80.8 53.9 114.4 86.4
lfw 0.863 80.6 52.6 113.2 84.8
lfw 0.750 81.3 50.9 113.7 82.5
lfw 0.735 79.7 53.8 112.7 86.2
lfw 0.600 80.4 51.2 112.1 83.0
lfw 0.585 79.9 55.5 113.9 87.9
lfw 0.499 78.0 50.8 115.5 87.8
lfw 0.443 80.4 48.9 112.9 80.9
lfw 0.312 82.1 56.7 115.8 89.4
lfw 0.275 78.4 51.4 116.0 88.9
lfw 0.256 77.3 51.0 113.7 88.7
lfw 0.221 83.1 47.5 114.5 78.9
lfw 0.176 78.3 58.0 111.2 89.5
lfw 0.151 78.0 53.5 116.8 90.9
lfw 0.139 83.9 53.5 116.5 84.3
lfw 0.134 76.1 46.6 116.0 84.3
lfw 0.112 79.5 47.8 109.9 79.4
lfw 0.108 84.5 56.1 117.2 87.7
lfw 0.070 77.5 53.1 108.5 83.9
lfw 0.067 85.7 49.3 116.8 80.2
lfw 0.990 80.0 52.5 113.1 84.4
lfw 0.973 80.3 53.4 113.4 85.6
lfw 0.943 80.4 51.6 112.8 83.3
lfw 0.937 80.5 53.1 113.8 85.0
lfw 0.870 80.8 53.9 114.4 86.4
lfw 0.863 80.6 52.6 113.2 84.8
lfw 0.750 81.3 50.9 113.7 82.5
lfw 0.735 79.7 53.8 112.7 86.2
lfw 0.600 80.4 51.2 112.1 83.0
lfw 0.585 79.9 55.5 113.9 87.9
lfw 0.499 78.0 50.8 115.5 87.8
lfw 0.443 80.4 48.9 112.9 80.9
lfw 0.312 82.1 56.7 115.8 89.4
lfw 0.275 78.4 51.4 116.0 88.9
lfw 0.256 77.3 51.0 113.7 88.7
lfw 0.221 83.1 47.5 114.5 78.9
lfw 0.176 78.3 58.0 111.2 89.5
lfw 0.151 78.0 53.5 116.8 90.9
lfw 0.139 83.9 53.5 116.5 84.3
lfw 0.134 76.1 46.6 116.0 84.3
lfw 0.112 79.5 47.8 109.9 79.4
lfw 0.108 84.5 56.1 117.2 87.7
lfw 0.070 77.5 53.1 108.5 83.9
lfw 0.067 85.7 49.3 116.8 80.2
lfw 0.990 80.0 52.5 113.1 84.4
lfw 0.973 80.3 53.4 113.4 85.6
lfw 0.943 80.4 51.6 112.8 83.3
lfw 0.937 80.5 53.1 113.8 85.0
lfw 0.870 80.8 53.9 114.4 86.4
lfw 0.863 80.6 52.6 113.2 84.8
lfw 0.750 81.3 50.9 113.7 82.5
lfw 0.735 79.7 53.8 112.7 86.2
lfw 0.600 80.4 51.2 112.1 83.0
lfw 0.585 79.9 55.5 113.9 87.9
lfw 0.499 78.0 50.8 115.5 87.8
lfw 0.443 80.4 48.9 112.9 80.9
lfw 0.312 82.1 56.7 115.8 89.4
lfw 0.275 78.4 51.4 116.0 88.9
lfw 0.256 77.3 51.0 113.7 88.7
lfw 0.221 83.1 47.5 114.5 78.9
lfw 0.176 78.3 58.0 111.2 89.5
lfw 0.151 78.0 53.5 116.8 90.9
lfw 0.139 83.9 53.5 116.5 84.3
lfw 0.134 76.1 46.6 116.0 84.3
lfw 0.112 79.5 47.8 109.9 79.4
lfw 0.108 84.5 56.1 117.2 87.7
lfw 0.070 77.5 53.1 108.5 83.9
lfw 0.067 85.7 49.3 116.8 80.2
